4294967294,5
4294967278,54
4294967278,50
4294967279,482
4294967279,88
106,5
106,4
106,3
106,2
106,1
4294967279,308
105,4
105,3
105,2
105,1
4294967278,346
4294967294,1460
4294967279,481
4294967279,304
104,4
104,3
104,2
104,1
4294967279,480
4294967278,345
4294967294,472
4294967279,479
4294967279,478
4294967279,174
4,3
103,7
103,6
103,5
103,4
103,3
103,2
103,1
4294967279,247
4294967294,393
4294967294,486
102,5
102,4
102,3
102,2
102,1
101,6
101,5
101,4
101,3
101,2
101,1
4294967278,231
4294967294,1459
100,6
100,5
100,4
100,3
100,2
100,1
99,4
99,3
99,2
99,1
4294967294,1166
98,4
98,3
98,2
98,1
0,5
4294967279,455
97,7
97,6
97,5
97,4
97,3
97,2
97,1
4294967294,1458
4294967294,1457
4294967294,1456
4294967294,1444
96,4
96,3
96,2
96,1
4294967294,485
95,5
95,4
95,3
95,2
95,1
94,4
94,3
94,2
94,1
4294967294,29
4294967294,1246
4294967294,1421
4294967294,385
4294967294,27
4294967294,415
4294967294,599
4294967294,454
4294967294,450
4294967294,459
4294967294,461
4294967294,460
4294967278,39
4294967278,286
4294967278,31
4294967278,285
4294967278,27
4294967279,275
4294967279,20
93,4
93,3
93,2
93,1
4294967278,344
4294967294,1455
4294967294,1442
92,5
92,4
92,3
92,2
92,1
4294967279,451
4294967294,388
4294967294,1422
4294967278,343
4294967278,342
4294967294,1454
4294967294,1453
91,9
91,8
91,7
91,6
91,5
91,4
91,3
91,2
91,1
4294967294,38
4294967294,37
4294967294,40
4294967294,426
4294967294,1452
4294967294,1451
4294967294,1436
4294967294,163
4294967294,185
4294967294,161
4294967294,24
4294967278,341
90,4
90,3
90,2
90,1
4294967278,340
4294967294,187
4294967294,2
89,15
89,14
4294967279,477
89,13
89,12
4294967279,476
89,11
89,10
89,9
4294967279,475
89,8
89,7
89,6
89,5
4294967279,474
4294967278,339
89,4
89,3
89,2
89,1
4294967278,338
4294967294,484
88,4
88,3
88,2
88,1
4294967278,337
4294967278,336
87,5
87,4
87,3
87,2
87,1
4294967279,473
4294967294,22
4294967294,107
86,6
86,5
86,4
86,3
86,2
86,1
4294967278,335
4294967279,472
4294967278,334
4294967278,333
4294967278,332
4294967294,7
4294967294,6
4294967294,94
4294967294,93
4294967294,96
4294967294,95
4294967294,89
85,6
85,5
85,4
85,3
85,2
85,1
4294967294,9
0,7
4294967294,45
4294967294,44
4294967294,1216
4294967294,1450
4294967294,28
4294967294,419
4294967294,1163
4294967294,53
4294967294,417
84,7
84,6
84,5
84,4
4294967278,135
84,3
84,2
84,1
4294967278,331
4294967294,1449
4294967294,1448
4294967294,46
4294967294,52
4294967294,483
4294967294,91
4294967294,90
4294967294,88
4294967294,87
4294967294,86
4294967294,85
4294967294,1420
4294967278,134
4294967279,22
4294967279,134
4294967278,274
4294967294,1447
83,5
83,4
83,3
83,2
83,1
4294967279,471
4294967294,387
82,4
82,3
82,2
82,1
4294967278,280
4294967294,1446
81,4
81,3
81,2
81,1
80,5
80,4
80,3
80,2
80,1
4294967278,330
4294967279,470
4294967278,329
4294967279,457
79,4
79,3
79,2
79,1
4294967294,115
4294967279,456
4294967278,255
78,4
78,3
78,2
78,1
4294967278,328
4294967279,251
4294967294,17
4294967294,99
4294967294,76
4294967294,25
4294967294,67
4294967294,42
77,5
77,4
77,3
77,2
77,1
4294967279,243
4294967294,36
4294967294,41
4294967294,39
4294967294,1445
4294967294,482
4294967278,241
4294967279,241
4294967294,43
4294967294,51
76,4
76,3
76,2
76,1
4294967279,235
4294967294,26
4294967294,92
4294967294,1167
4294967294,82
4294967278,233
4294967279,233
75,4
75,3
75,2
75,1
4294967279,225
4294967278,223
4294967279,218
74,4
74,3
74,2
74,1
4294967279,215
4294967278,327
4294967278,260
4294967278,0
73,4
73,3
73,2
73,1
4294967279,469
4294967294,1430
4294967294,1443
4294967294,1245
4294967279,208
72,5
72,4
72,3
72,2
72,1
4294967279,468
71,5
4294967278,202
71,4
4294967279,467
71,3
71,2
71,1
4294967279,466
4294967294,1437
70,5
70,4
70,3
70,2
70,1
4294967279,452
4294967278,197
69,6
69,5
69,4
69,3
69,2
69,1
4294967278,326
68,4
68,3
68,2
68,1
4294967294,481
4294967278,188
67,5
67,4
67,3
67,2
67,1
4294967278,183
66,6
66,5
66,4
66,3
66,2
66,1
4294967279,465
4294967294,178
4294967294,119
4294967294,465
65,5
65,4
65,3
65,2
65,1
4294967278,325
4294967279,450
4294967279,464
4294967294,1441
64,14
64,13
64,12
4294967279,171
64,11
64,10
64,9
64,8
64,7
64,6
64,5
64,4
4294967279,167
64,3
64,2
64,1
4294967279,463
4294967294,1440
4294967294,1424
4294967279,166
63,7
63,6
63,5
63,4
63,3
63,2
63,1
4294967279,462
4294967294,480
4294967278,324
62,7
4294967279,156
62,6
62,5
4294967279,155
62,4
62,3
62,2
62,1
4294967278,323
4294967279,461
4294967278,322
4294967279,151
4294967279,150
61,4
61,3
61,2
61,1
4294967278,321
4294967278,320
4294967279,146
4294967279,145
60,4
60,3
60,2
60,1
4294967294,1073
4294967294,173
4294967294,182
4294967294,190
4294967294,1066
4294967294,1153
4294967294,422
4294967279,460
4294967279,140
59,4
59,3
59,2
59,1
58,6
4294967279,136
58,5
58,4
4294967279,135
58,3
58,2
58,1
4294967279,314
4294967279,312
57,5
4294967278,271
57,4
4294967279,274
57,3
57,2
57,1
4294967279,459
4294967279,260
4294967279,0
4294967279,273
56,7
4294967278,282
56,6
56,5
4294967278,266
56,4
56,3
56,2
56,1
4294967279,268
4294967294,8
4294967294,1439
4294967294,0
4294967294,1
4294967294,84
4294967279,287
4294967279,458
4294967293,131
4294967293,130
4294967293,129
4294967293,128
4294967293,127
4294967293,126
4294967293,125
4294967293,124
4294967293,123
4294967293,122
4294967293,121
4294967293,120
4294967293,119
4294967293,118
4294967293,117
4294967293,116
4294967293,115
4294967293,114
4294967293,113
4294967293,112
4294967293,111
4294967293,110
4294967293,109
4294967293,108
4294967293,107
4294967293,106
4294967293,105
4294967293,104
4294967293,103
4294967293,102
4294967293,101
4294967293,100
4294967293,99
4294967293,98
4294967293,97
4294967293,96
4294967293,95
4294967293,94
4294967293,93
4294967293,92
4294967293,91
4294967293,90
4294967293,89
4294967293,87
4294967293,86
4294967293,85
4294967293,84
4294967293,83
4294967293,82
4294967293,81
4294967293,80
4294967293,79
4294967293,78
4294967293,77
4294967293,76
4294967293,75
4294967293,74
4294967293,73
4294967293,72
4294967293,71
4294967293,70
4294967293,69
4294967293,68
4294967293,67
4294967293,66
4294967293,65
4294967293,64
4294967293,63
4294967293,62
4294967293,61
4294967293,60
4294967293,59
4294967293,58
4294967293,57
4294967293,56
4294967293,55
4294967293,54
4294967293,53
4294967293,52
4294967293,51
4294967293,50
4294967293,49
4294967293,48
4294967293,47
4294967293,46
4294967293,45
4294967293,44
4294967293,43
4294967293,42
4294967293,41
4294967293,40
4294967293,39
